MagicCube4D 3 0 2 {4,3,3} 3
0.731762581557179 -0.19593642894153976 0.6527882045858442 0.0
0.6813606608159284 0.18716613400295473 -0.7076132334650542 0.0
0.016467365461856454 0.9625890889138652 0.27046454809959974 0.0
0.0 0.0 0.0 1.0
*
79,-1,1 79,-1,1.
